261913261
261887817
261882006
261856661
261472077
261428450
261424708
261389177
261372772
261321287
261306696
212254722
208698316
207874227
207036287
207030208
207026085
206999222
206986304
206929240
206922755
206898689
206902842
206877504
206396987
206381748
206366207
206330374
206342731
206300960
206309682
206294268
206287545
206275815
206264075
206095996
206093867
206091884
206072252
205973246
205905515
205860470
205845812
205840188
205786758
205767604
205772097
205737004
205722723
205698318
205685492
205660320
205664647
205620839
205398293
205387296
205392519
205359452
205303751
205282596
205251063
205251822
205210206
205205356
205173551
204684749
204677035
204572020
204548607
204544337
204197659
204202300
203744265
203725044
203714708
203603096
203586227
203569792
203563804
203544956
203535913
203524159
203514025
203504595
203481476
203477442
203466491
203052574
203027560
203022760
202988500
202950861
202947732
202503794
202482596
202457328
202441351
202447425
202434148